# Created by Octave 3.8.0, Fri Oct 23 02:19:33 2015 EDT <Hong@Hongs-MBP>
# name: w
# type: matrix
# rows: 1024
# columns: 1
 0.1233150819698747
 0.02191481666135897
 3.119161095795307
 -0.8990595219378804
 -0.1167414818743421
 -1.082744156279082
 0.5324283925137755
 2.286401154182114
 -0.2613588125093263
 0.3819003698362282
 1.07998246934538
 -1.537405621625624
 0.5778511579734109
 0.02261805720736278
 0.6424383680949631
 -0.2016510575895286
 -0.6564851799562693
 0.09987253710334459
 1.775788587561107
 4.03698121338778
 1.494511986609608
 0.5899992159475711
 0.899866207178844
 0.6209109330915733
 -0.2145554651387749
 -0.5511302835553502
 0.8058259644388663
 0.7374358363545971
 0.2466009086782958
 0.313038749190664
 -0.5160554619367118
 1.427231380755626
 0.5524324940789668
 -2.837847780433377
 7.626028642078361
 -0.4356008809774344
 1.108743782481692
 0.677776483285579
 -1.38508679641283
 3.115182722548512
 0.650365055012652
 0.2004378289728405
 -0.1855341812287293
 2.239145851298483
 1.306825993986769
 -0.147977711594572
 0.1906862279748522
 -1.602245574610649
 -0.1692201794635896
 -0.2683447907918488
 0.3977897052588804
 0.854233217151549
 0.7583162847531604
 2.291143243223992
 -2.229827687565973
 1.143204757334479
 -0.6201290520409231
 2.243107614599396
 0.3351871873559756
 1.861950766045922
 4.166642987628587
 -0.2705862689120278
 1.036009569597868
 -1.855760380956402
 0.3661650140440257
 1.157368943160446
 0.9332060357538186
 -0.2058539798323195
 0.05269289330262994
 0.3970066130452446
 20.5523217370945
 -0.6322377984192425
 -0.7600664900524938
 -0.1380953568073712
 -6.020876114747936
 -2.30801518161131
 -1.095225569635235
 0.9979530389949784
 1.043819874367205
 0.4497766288861495
 0.01631438975698127
 -0.0139338878445197
 0.8042033220220496
 0.1571123857124153
 -0.1592709057387625
 2.176205238386716
 0.2776078964300875
 0.2365880616679513
 1.413681111512589
 1.053024256515096
 0.09877368403405004
 1.056341216731913
 0.3760819654129383
 0.2541693936514423
 -0.4538697214273214
 -0.5813181585248188
 -0.6632384174199888
 2.307477551799602
 -1.050380900851318
 0.8198814878511672
 -5.794871665955394
 0.2166660602720414
 1.242789468917963
 1.401152529927482
 -9.24246329881807
 0.2411006490964773
 -1.40705982816314
 1.042514125119755
 -5.668769574715764
 3.048365252275308
 0.002620579648741316
 1.241345149867737
 4.521053144729358
 0.4407702844507157
 -0.04089872476454293
 -0.07303072056257676
 -4.915865075626523
 -0.6759034311234126
 0.8062746511900268
 0.6753305649703557
 1.612713596933611
 1.721379883768758
 -0.3884213702409754
 -0.9175928263338363
 -2.199560681072653
 0.1239228126753679
 0.1831061925908636
 -0.3073260706598449
 -0.08883570724817244
 0.6664836131122547
 -1.24017019307977
 -0.5537537183917195
 -1.524590917108585
 0.8023132688516242
 -0.3605469800454185
 1.42018524946056
 1.444831810697869
 -1.519485538970234
 0.1637124699375664
 -0.2038062264117413
 0.8284132450552038
 0.3573384280011764
 0.7831357582583699
 0.7004272521909471
 0.7259949471182917
 -0.7955861661185777
 0.2615024384121196
 1.368673078880928
 -0.8114838946348826
 2.010469572054589
 0.4935545362527324
 0.871465336936713
 -0.8104613308408862
 -8.789893203354678
 -2.939785868467792
 0.7585459961130028
 0.00383760086672119
 4.187784919340719
 -2.095300896322796
 0.6955739215236814
 1.103902905287331
 0.3432047407554356
 4.578193989597381
 -1.32911344448977
 2.24920303826394
 4.013558399984072
 1.228185364807492
 0.09597104679296536
 0.1976345589611903
 0.5211056448749072
 -3.202392084401751
 0.3387310645682596
 3.030796522588767
 -0.5730977245314849
 0.5465852229473925
 0.3612628378786003
 0.02715070982847595
 -0.205745980080997
 5.189024514163957
 -2.957715491003185
 0.2419082674368971
 0.3936556751262714
 0.9946304911134138
 7.544842898657489
 1.050935743829096
 0.008119205543675493
 0.9605149757249875
 -0.150070747847969
 -0.6421445024426738
 -0.5042829784988375
 1.090236106674239
 0.6162568839175716
 0.6056257177960005
 0.6436884942418133
 3.622487621544736
 0.04337205740366412
 -1.777497556861483
 -0.4206983778863317
 0.3653128514869784
 -0.8615583784900138
 0.32106111012191
 -2.610695358758759
 1.189669351786896
 -2.554096675555794
 0.973437835853899
 -0.722391879659764
 1.266874334919348
 0.5558472488099724
 -0.1355091527724019
 0.8963901535784489
 -1.770595656996919
 0.8503273669705741
 4.264616061383665
 0.6047420488299847
 0.4062957300381861
 1.310564088080111
 -5.791256199960285
 -1.5691697306229
 -1.469257086889485
 -0.4559344520115215
 -1.566200011445152
 -3.547194518172069
 -0.2379471527146416
 -0.6031785553948172
 1.477513885669705
 0.9721499926612975
 5.952548729302933
 0.4231982287844974
 0.4615784149057126
 0.9874589856740431
 -0.7921173709384101
 0.868972501115959
 1.063278126321559
 1.707678022031928
 -0.8221523581366491
 2.317167023538834
 1.434125339446214
 0.3262291821991515
 -1.051502959985442
 2.328854339492192
 0.6503710549170552
 0.6104779672970485
 -0.05838198821627198
 -2.402303263984016
 3.528274968124382
 -0.3606550108596684
 -3.184374877271291
 -0.5774134922461762
 3.119331234029589
 0.3467811440636391
 -1.432306937803844
 0.7713989264595853
 1.561978097265019
 1.503393840041673
 0.4487146883377775
 -0.8797039055500061
 -0.8530059508679594
 0.5303372530261901
 0.7851880698708568
 -1.092209694829713
 -0.5680954390205154
 2.064301077546525
 -9.788715946539224
 0.3060231709137951
 -0.8644654971823544
 0.5631125017737133
 3.489942818673419
 0.08928067322199477
 1.656239531565957
 0.7669626860768797
 -0.6632610510886399
 1.611951558563675
 0.7937113113830603
 0.596041907560518
 -0.04958109793124776
 1.173893819660152
 0.361418560521891
 0.7548744486311944
 0.8558181990515359
 0.5771214829701078
 -0.1311514069743984
 0.1914311659250887
 -0.5466054731108598
 0.6368380599979654
 -0.6030755405865453
 0.2093078283194556
 1.230284710964196
 -1.159655135711061
 0.2796478154836202
 3.60742650613382
 -0.7163184562673032
 0.8723548245855195
 0.8596772733079115
 -1.081908520310074
 0.625181376648288
 0.6029390439044252
 2.391163478186359
 0.06729025702013718
 0.006234040720740239
 -0.5717525960104634
 9.502664963414274
 0.442449326589893
 0.3302796493815112
 1.627034104222537
 1.246142955449608
 -0.2935003720989325
 2.414782037177955
 -1.750704996295458
 1.176358002239092
 0.1864222630840977
 4.608831123490263
 0.4473333509088295
 3.155559691352697
 0.5979425099222807
 1.560372728302816
 0.5058039259003196
 0.5374557825322758
 -0.2555070379480427
 1.78600303584517
 -17.29068045093244
 0.1027278600956284
 0.2843040198820764
 2.176691109229163
 2.048635433663787
 -1.228224370018817
 4.110958414504462
 0.1734136524253213
 0.6703508305220341
 1.787145080639746
 0.9022144518126902
 1.944239007036096
 -1.443766076739394
 -1.182350522432056
 1.505760863647113
 1.189230046339941
 2.05251143906127
 -5.504792019762782
 2.850581257443682
 0.2059010366277329
 0.6820650012991875
 -0.8277139757634037
 0.8212346451855884
 0.466815955104985
 0.230348605082526
 0.2884787816273336
 -1.451943176773625
 4.948121552664801
 -0.4167732041757515
 -3.119813906871251
 0.08793496351492978
 -0.38243069686896
 -0.8600221309336578
 0.03173273074321935
 -1.438647016170992
 1.999278523125463
 2.460683021192526
 1.096104953674836
 0.519359833991313
 1.218670111377959
 -0.9919011794446362
 4.201090344004472
 0.4439041369125363
 -0.08209903549352905
 0.8349242798977198
 0.7420997399150021
 0.6391100651483523
 -0.3282465476296939
 0.8117728830320825
 -0.2694350376857908
 0.1713157191258681
 -1.18955262548638
 -0.9627697081852027
 -1.674397676300304
 -1.649531155288215
 -0.09485050215133788
 -0.1275652451270292
 0.2868206526961415
 2.98812011344009
 0.6870263210771207
 -0.1259417122155392
 2.859790158441788
 2.500209571995754
 -1.684166502037458
 0.4720507220773541
 0.282718001570416
 0.3582137804916331
 0.8990794744711555
 -0.3956698835629902
 1.675562614324789
 0.8334000060628353
 0.9521684337985524
 -0.2350500922593222
 0.2379327438219058
 -2.816053373030871
 -2.487573430684453
 0.1968925893740469
 -0.3248775114926295
 -6.823332775909033
 1.306704060624065
 1.03693928067097
 -1.485348327148194
 -1.78971919099278
 -0.1199304933995635
 -0.6109819213777622
 4.4452589661447
 -0.1033582223719453
 5.970799475741794
 -1.795933833161959
 0.7634003757027513
 1.607685339075078
 -1.265124501505471
 2.425480928662023
 -0.293849051478126
 0.9714033489334382
 -0.6808591515943857
 -1.575693599593092
 -0.7275724336724047
 4.12299467052849
 0.1054511703064115
 1.554961255542777
 3.729971205960681
 0.4257551883913323
 1.911813238132007
 -0.2823934736961314
 1.005598068830968
 1.574447153686054
 0.1004656220540833
 1.235703998421672
 0.703285040467178
 -0.4826667170141729
 3.406064671544148
 0.4469547920005386
 1.983342871069262
 0.2079584472178531
 2.46667855000581
 6.307515719535941
 -3.097630279469239
 0.8396490454104831
 -0.9955518603914097
 1.750899750956067
 -1.314064952000789
 -0.05316827725064719
 0.0846990329984539
 1.288729642084764
 -1.510155282048198
 -0.6098667750877653
 -1.514056410490405
 0.4600932294374838
 1.897539383660354
 1.277863329431348
 -0.3997716964984926
 -1.304157590147099
 -2.190776648392843
 -1.678383500242505
 7.163244690680841
 -0.9611305526706702
 -6.589980724934811
 0.4809635150971757
 4.871403069157706
 3.072651404194853
 -5.841206059316519
 1.394252760171812
 -0.1769907431341013
 -0.1558267499417033
 -3.110441862129193
 2.037729782547385
 0.2732388971195225
 0.005243736670173742
 -1.587655901606686
 -0.9966898476709577
 -1.499648407822716
 2.250180192338076
 0.6206545850282296
 -0.002652243545004554
 0.0953218306717834
 -5.14377792851999
 -0.0674997715314483
 0.1292185237564178
 0.9722155470086847
 1.343077399153068
 -9.34961839014545
 0.7281668503177133
 4.203486204741245
 -5.175417832121216
 0.7161135893104641
 -0.2115839553897796
 2.547717119223446
 4.254997445242512
 -0.5349536954763167
 -0.01839093287241582
 1.481543769622074
 -2.955890338816626
 -0.720038353309851
 0.3026637433734589
 0.5880006708958726
 -0.04462776324377642
 -0.4247420466214014
 -4.949427522863117
 1.812886049109455
 -0.1644137581960879
 -2.029927618277112
 0.3004643452747396
 2.783908057491904
 3.109135275126696
 -0.1784668806754401
 0.1526714244038665
 0.3161168986621124
 1.523643804090409
 0.2880911827794674
 0.7425884346104957
 1.277112783164443
 -1.414756745587812
 -2.757925437456009
 -0.9065527469619217
 -2.346598062592733
 -3.066442248612254
 0.4963858009125411
 2.496034508324089
 -10.84452974718583
 -1.609730440248375
 0.7491362638175334
 -3.058703027318567
 -0.01231108469918884
 0.5170018119297545
 -2.089821231878747
 1.165856352055775
 0.4759194145020317
 0.5418749792649463
 1.081856344134665
 -1.7303252291726
 1.156839232939243
 0.1969281445702078
 0.1282456348234044
 -0.7375593946605548
 0.735682374681498
 1.145996623113808
 0.8490153149316357
 3.371970038900635
 0.0276321356276196
 -1.897113289471731
 -0.6876143033899692
 2.160341621785811
 6.06238841143265
 0.9035436277605172
 0.2238821811395454
 3.441180745677486
 2.621381147508004
 2.124915896221431
 -0.6652408691701113
 0.3823734482269384
 0.7182032563044257
 2.809422057650519
 0.9967781590008794
 0.1664625410312566
 0.5251588303473035
 -2.50897168776314
 -1.242595230304779
 1.539632908941289
 0.01934910846254488
 0.4218859235012523
 0.2014200340930581
 0.4190971980398185
 -1.102817624810846
 1.200919843494205
 0.5918550998994488
 -4.856868184020168
 0.7710699624324292
 -0.7673484482545107
 1.292040047227369
 0.8033447739418309
 0.8793733255384361
 0.1728913815065992
 -0.6089654190804138
 1.215102545283964
 0.638008467887386
 -0.2102253526085515
 0.3687985276449228
 -2.691612173272977
 -1.030704515220411
 0.2696626904051977
 1.560269936999223
 -0.3237142226416302
 0.159929567905032
 1.188135987053956
 0.9892279984309083
 0.47981703045527
 -0.2652082842060438
 0.4664135408331633
 0.9512790037823861
 0.4699790915248026
 -1.869024427459365
 1.383125625867655
 -1.028398993468778
 0.3276138555037111
 0.1408469639572653
 1.097851348900234
 0.2390770503524486
 0.3841427206133542
 2.409067000871616
 0.3249861724719049
 -1.088085351865393
 1.278980147812228
 2.962762254897955
 0.003441245323202568
 3.14253709902056
 -0.6784593922251111
 0.1306157270856321
 3.620549526899975
 -0.3310578588682032
 1.553725434490229
 -0.4316269600470365
 -0.7471424564559483
 1.691301899326187
 0.1077534135679178
 2.25241002765847
 -1.367876981621284
 -3.685863501144944
 -0.8217015035121014
 0.6749507537450398
 0.3713846630407357
 -0.6743906942437812
 -3.917506010841795
 0.4431307513082369
 0.5787369830152391
 -0.004420693474761591
 0.4426138945049263
 1.062138587563517
 1.834753696530703
 0.02423356061007409
 1.098959436890323
 -0.6277679650570254
 1.23101122414364
 -3.001323492449548
 -0.7466264691713009
 0.5843889837430658
 -0.2291895637803557
 -1.833994742156073
 -4.882037206986931
 -0.6287760080030305
 3.198139815306241
 -0.6713860707533684
 -1.299649785317998
 1.198419248833871
 0.2623599557724097
 -1.140722798391288
 1.010476171927732
 1.422218387321922
 -1.045575871997327
 0.06550902723934277
 0.9359994138739237
 -0.1789968927146347
 -5.916006242205534
 1.192963901356346
 -2.943076934599865
 2.934313859371624
 -2.459238814837222
 5.110540922231703
 0.3850668787033949
 0.9070128038290249
 0.9736276238433231
 0.4560276488409515
 1.176040215696871
 -0.7317268845625963
 0.8453444050489638
 0.7231065995252112
 13.53962514409119
 -0.550258195998083
 2.315846363916182
 -3.021183051332111
 1.442157297225944
 -1.385417328956476
 2.035360234244123
 0.1594221243793633
 -0.5176899796037011
 0.9329166004854114
 0.8411217558166961
 0.1136217199159251
 0.3883923858024357
 1.931137623272156
 3.642124503453675
 0.8962187216767959
 0.431051748599199
 0.4138637559589608
 0.2266271204723171
 0.3004621783995788
 0.4343013591297568
 4.245342140506096
 0.6316859746053958
 0.6496490816107746
 1.489434181198374
 4.730469060806286
 0.04362741267078678
 4.73222505557924
 1.699973816515765
 2.467646612909317
 0.9533163424881812
 1.128082620047235
 0.3481853108565545
 0.6287427056147008
 -1.857718990397384
 0.150804205202402
 -0.2122338126269077
 -3.001053280787697
 0.2113112487182402
 2.475140747348011
 -1.188526590798316
 -0.2993420503759433
 1.658029679284372
 5.402247352676109
 0.4556319789655017
 2.507533206256198
 0.2965193437752966
 -0.4224577545177728
 -0.1083667495371347
 -0.5630076744495855
 5.561855315179031
 0.2646837694524236
 0.2155665278555842
 1.108158136252291
 -0.01808924601939033
 0.5862225389390493
 0.3497368166138153
 -2.376999006670207
 -0.2118747172640615
 -1.911076361293055
 2.549410084389677
 0.9884670885194078
 -0.7355752685603612
 -0.08433421228372372
 1.226185482774667
 -3.341264819451605
 -0.2375159011913483
 -1.770203026842953
 2.717248950863706
 -2.141480847205834
 0.5496572240688584
 -0.8176606248471542
 -2.546350935126896
 -0.8907729364458623
 0.4369822059551141
 -1.203826151792155
 -0.01271340316559358
 0.6102637147819322
 0.9972346493728987
 2.100953014250945
 -3.253203861016451
 1.136943718171227
 1.211294742732019
 -2.653657018545492
 0.4846942754343068
 2.467289916596148
 -0.4552375572356195
 0.2616804895252226
 0.7678085820371497
 0.9206240137965045
 2.12915207288915
 1.318174513976156
 0.2342205838764644
 -2.825459735328273
 3.401219817898788
 1.4799901134803
 0.06099844055147392
 0.5806563050474579
 0.3015570408460728
 -1.741323082195769
 1.349051150661885
 -0.5024349089977115
 -0.3788708477634859
 0.8794472253815234
 2.456344245472775
 -1.046421061400627
 0.7359437559407553
 -4.945487361213222
 0.1858397564167194
 -4.364537124815275
 2.283259926769453
 -1.002419044612684
 -0.1744061394425906
 -1.461041972200456
 1.205059949537028
 -0.4982689961544216
 -0.9808238897159575
 0.3725997402943398
 1.988373935377435
 0.9354448659320943
 1.964035579837831
 1.158994098888537
 0.9081918455741054
 0.2117059995961159
 1.239184314006018
 -0.5729702895552251
 1.063357335238261
 3.984537135849776
 0.7327685246769068
 -0.003927716388873697
 -0.2342023300958338
 0.2935487435800042
 18.00318504926621
 0.3379819534553278
 0.2319117388056428
 1.049414224713541
 -0.7107094295886308
 -2.636571642366889
 -0.8194353798533373
 -0.7995565631205976
 -0.0433119052087664
 -0.08486247065174041
 2.097203829899363
 3.663234497248793
 2.747144074168249
 2.42840976538228
 -4.267517475655204
 -0.4595121615644651
 0.00962445308653925
 0.2240580923444208
 0.08491551316581586
 0.3916075336426983
 -0.6618801500088982
 -0.1231786888522864
 1.751455754916263
 0.1181823869077481
 0.2138541458741842
 0.3970436031466635
 1.076757183715838
 -3.974149348025886
 0.6160726112730156
 5.343624305483814
 1.470348452774014
 0.5797356917330838
 1.756261872420987
 -0.01789977418552713
 0.9916296182070565
 -2.649355417002617
 1.411522227928338
 -0.0526445547061523
 6.226084038626221
 0.8853911581311301
 -0.1581294126063704
 0.02913565797178497
 -4.996682443391533
 1.57880173048869
 0.9476199338788285
 0.4933742038528277
 -1.062408065017343
 0.4536858958754762
 0.1979628820556902
 -4.124690019859037
 3.920931560034921
 3.996876154015691
 -0.06602605974800717
 -0.1890480172179629
 5.709298980480335
 2.726647932788822
 0.4584225175159202
 0.9774639211521179
 -0.4326603708464957
 -0.9077623367677305
 0.8654999978942072
 -0.5951056492983068
 0.130089256475811
 -0.1830200103891097
 -1.456871235129753
 -1.371037208882122
 -3.68178864205092
 -0.4568923879451197
 1.324845877418769
 -0.8385287661074962
 -0.01825755362740413
 -0.3315325275509509
 -0.7398904599823423
 2.718093724199135
 4.257675226897599
 -6.313484802150207
 6.278029333009147
 0.582543283449527
 -0.4386431616761894
 -0.04201156825864815
 2.829370725022275
 3.16452867861984
 -0.2974554130958473
 -2.678741131040895
 -0.1123585106665701
 1.756814243478246
 2.722246363636505
 0.5407934322648376
 -4.458749783232401
 0.4665162686852055
 0.4712089939426272
 1.668214765202436
 0.6929892290691548
 0.177076210719016
 0.02970809227572906
 -2.614943485649779
 1.359332030129014
 -2.458566395106172
 -0.5750275082522677
 3.609397092316916
 -2.579914363190172
 2.27220280751405
 -3.660399183613035
 3.513491363559238
 -3.457074776669004
 -0.1605999367410055
 0.6262837362752004
 -0.1337711642394784
 1.849155207120058
 0.3285613558138053
 -1.435112163281623
 2.052754751359907
 0.7255262119893623
 1.195369080457323
 -0.9489836485261685
 0.5219642462813394
 4.262149556358154
 2.787618685898587
 -1.460777989871378
 2.334171327870601
 -0.02653722172608171
 1.068654004813586
 2.174003368906666
 0.8990076488092665
 1.739934991848352
 1.321582486713789
 0.1339597664880777
 0.0436994509747377
 -0.4038466699693514
 0.7392995702975482
 -0.910201351179163
 0.6020800670466541
 0.4621590899020029
 0.9476623306078563
 1.245839043150949
 0.5963368937962338
 0.004820529194081776
 2.483364391851316
 2.074011323537702
 11.7548238037986
 0.4571419654675308
 -1.141334207350542
 0.2013647777460131
 2.950538889018374
 0.2350653175239492
 1.408301301007339
 1.346045222634231
 0.2382035401417703
 6.899010223111818
 -0.4354175560862741
 -1.56218068534459
 1.492052598603578
 1.395116120126801
 -1.009584974631019
 1.254247306946154
 -3.433160148302582
 0.0701118357855612
 0.486386692203249
 0.7100626734726361
 5.578543491070088
 -0.0886358324221912
 0.5935717018283728
 0.183856087100657
 1.303539978097754
 1.007085218474343
 -0.3476949489978706
 -0.1293320495840491
 -0.2783184552667708
 0.7252939353691786
 0.167579060316425
 0.1211641002050701
 0.5640289871305384
 -1.261403756572341
 -0.09799933115510014
 0.288763664100478
 0.803786064098176
 1.025495840058407
 0.8403600920577927
 1.18336210476805
 0.7190468395839571
 1.893961943973419
 3.950769685253096
 1.553722260783692
 4.976860918925033
 1.157699928164102
 0.2299739354968134
 -3.176077521845003
 0.1711498509929188
 -7.127995603439333
 0.7576940935543314
 0.155582851656173
 1.31721871292099
 -0.7205442427807166
 2.956151136497181
 -0.8022694194982555
 1.774784612618094
 -0.7546190695594192
 0.8028031680820208
 0.2301829712902132
 0.2899688029596225
 -0.5029534145444369
 -0.7242975496750753
 -1.785429610757049
 3.715421255562093
 1.249887142096787
 1.180751689837203
 1.763999240758785
 3.483877676318215
 2.058380799394139
 0.4141845238890816
 -1.000475150200589
 -3.605171559775887
 0.3408704382841912
 1.086051634251831
 4.902735309097071
 -1.819930343066643
 -0.01685060018078464
 -0.01373492658795724
 2.13410991093875
 -1.339542439844219
 1.591968351467152
 1.572350274787655
 0.5838630030565455
 -1.978218287766321
 0.8462219899680303
 -3.99846443913754
 -0.2963375941088464


